172111815910000721628488034100425791053119009912279437 
2000000000010018800326602082015
2000000000020018801203065082023
2000000000030018801481300082023
2000000000040018801626000082023
2000000000050018801906473582023
2000000000060018808494000082031
2000000000070018808581362082031
2000000000080018808586244082031
2000000000090018808708332082031
2000000000100018808901224082031
2000000000110018808906925882031
2000000000120018808950341482031
2000000000130018809342507582031
2000000000140018809617100082031
2000000000150018809767000082031
400000150000028200
